16
16.56882366 0.34918380 0.13588624 0.36946534 0.47121719 0.72170001 0.39900334 0.57550411 0.53526485 0.34374887 0.47105341 0.57412652 0.74735196 0.63490072 0.31196511 0.22811556 0.34918380 16.91333736 0.47622325 0.45089183 0.46404064 0.86392855 0.25701706 0.51486149 0.54320057 0.61219016 0.20007472 0.77698109 0.69701237 0.48271237 0.23768682 0.29895053 0.13588624 0.47622325 16.43141383 0.57528187 0.21176916 0.45577444 0.29616136 0.17190543 0.65408109 0.69035961 0.45864843 0.42999594 0.51797679 0.72010184 0.59116606 0.50146859 0.36946534 0.45089183 0.57528187 16.12331893 0.29390997 0.34543812 0.36180827 0.17545038 0.50691767 0.48700373 0.73942305 0.69648660 0.28882571 0.85880047 0.58630559 0.22534808 0.47121719 0.46404064 0.21176916 0.29390997 16.09645453 0.33949109 0.72527962 0.71352894 0.41663665 0.49431684 0.13625939 0.62204054 0.85385299 0.36892152 0.05174749 0.56031025 0.72170001 0.86392855 0.45577444 0.34543812 0.33949109 16.29632081 0.62773219 0.20972159 0.54774764 0.45692101 0.62682630 0.47989081 0.40445079 0.11549561 0.66432187 0.84802236 0.39900334 0.25701706 0.29616136 0.36180827 0.72527962 0.62773219 16.81762771 0.81957010 0.61960710 0.43360918 0.86243364 0.61578571 0.42031425 0.79930341 0.70140932 0.30141667 0.57550411 0.51486149 0.17190543 0.17545038 0.71352894 0.20972159 0.81957010 16.19476429 0.24406676 0.37461655 0.51192409 0.31675426 0.23951472 0.72098729 0.42350343 0.46133721 0.53526485 0.54320057 0.65408109 0.50691767 0.41663665 0.54774764 0.61960710 0.24406676 16.60284309 0.47424968 0.16022951 0.07397930 0.63767826 0.64587643 0.54051333 0.38848886 0.34374887 0.61219016 0.69035961 0.48700373 0.49431684 0.45692101 0.43360918 0.37461655 0.47424968 16.45884883 0.61247986 0.64543999 0.61691515 0.44029294 0.55843555 0.52344785 0.47105341 0.20007472 0.45864843 0.73942305 0.13625939 0.62682630 0.86243364 0.51192409 0.16022951 0.61247986 16.33535684 0.58987519 0.31851238 0.76077904 0.19937297 0.60081412 0.57412652 0.77698109 0.42999594 0.69648660 0.62204054 0.47989081 0.61578571 0.31675426 0.07397930 0.64543999 0.58987519 16.47992214 0.68790531 0.53183218 0.52465878 0.90108964 0.74735196 0.69701237 0.51797679 0.28882571 0.85385299 0.40445079 0.42031425 0.23951472 0.63767826 0.61691515 0.31851238 0.68790531 16.05961887 0.55718170 0.02895913 0.24459478 0.63490072 0.48271237 0.72010184 0.85880047 0.36892152 0.11549561 0.79930341 0.72098729 0.64587643 0.44029294 0.76077904 0.53183218 0.55718170 16.82531380 0.53376677 0.55811174 0.31196511 0.23768682 0.59116606 0.58630559 0.05174749 0.66432187 0.70140932 0.42350343 0.54051333 0.55843555 0.19937297 0.52465878 0.02895913 0.53376677 16.16716841 0.20383565 0.22811556 0.29895053 0.50146859 0.22534808 0.56031025 0.84802236 0.30141667 0.46133721 0.38848886 0.52344785 0.60081412 0.90108964 0.24459478 0.55811174 0.20383565 16.70109876 