8
8.27692298 0.24245788 0.40324831 0.89160089 0.79286594 0.56569215 0.65094078 0.20744596 0.24245788 8.38155846 0.76010174 0.56779281 0.57308201 0.36664468 0.63820741 0.60706733 0.40324831 0.76010174 8.27602508 0.63248521 0.60115677 0.54593768 0.35213089 0.28710917 0.89160089 0.56779281 0.63248521 8.22381194 0.44494575 0.30253944 0.52784033 0.37651342 0.79286594 0.57308201 0.60115677 0.44494575 8.14929401 0.22705175 0.87895546 0.39253987 0.56569215 0.36664468 0.54593768 0.30253944 0.22705175 8.25108386 0.45094185 0.62622804 0.65094078 0.63820741 0.35213089 0.52784033 0.87895546 0.45094185 8.75720023 0.84386989 0.20744596 0.60706733 0.28710917 0.37651342 0.39253987 0.62622804 0.84386989 8.12990621 