32
32.66633885 0.68175137 0.61471971 0.63434920 0.41287504 0.33595017 0.52176724 0.46998766 0.01656160 0.55674557 0.49378796 0.36170739 0.39382231 0.35350713 0.57222075 0.88178496 0.10790412 0.70665589 0.53454966 0.59273803 0.48999861 0.30443494 0.50807981 0.42009087 0.34869819 0.28473778 0.48761389 0.33342995 0.58727535 0.61708610 0.43188904 0.57484298 0.68175137 32.98266340 0.52769724 0.36532410 0.63154304 0.41440782 0.83062071 0.52345363 0.84159958 0.44530569 0.36819869 0.09981006 0.36259816 0.30334597 0.14678385 0.13968625 0.36934856 0.20382916 0.51393973 0.60977156 0.77410660 0.37246948 0.76194510 0.51487997 0.12551680 0.62781353 0.59565112 0.81462369 0.60399564 0.68456966 0.75139102 0.84475250 0.61471971 0.52769724 32.10562920 0.76347495 0.70729448 0.47297411 0.16680432 0.56422598 0.38311159 0.15649816 0.30327279 0.59497540 0.29577365 0.81084251 0.62038832 0.61884448 0.70521561 0.56194875 0.18278990 0.39815466 0.39735059 0.69749082 0.79707270 0.21126354 0.17694272 0.17440704 0.35769370 0.74787084 0.31520463 0.75445324 0.77908484 0.01266404 0.63434920 0.36532410 0.76347495 32.00115106 0.70381164 0.70902683 0.45165934 0.88001594 0.65621101 0.69972636 0.54615790 0.18329586 0.19423797 0.36604733 0.29191974 0.19504711 0.51877880 0.61494324 0.10808964 0.63173600 0.43925549 0.63243099 0.44749961 0.86837942 0.33921289 0.50904177 0.21994914 0.40372360 0.61351324 0.56167571 0.66972026 0.65960962 0.41287504 0.63154304 0.70729448 0.70381164 32.20893492 0.46397917 0.46201333 0.31690985 0.56749201 0.40627458 0.51621763 0.78021544 0.83261360 0.19933268 0.38975123 0.47351542 0.48363067 0.91042578 0.27331313 0.46964718 0.76657179 0.60067808 0.50390501 0.30561389 0.25565970 0.38284599 0.69558503 0.52452151 0.73211973 0.33258722 0.55150052 0.54291015 0.33595017 0.41440782 0.47297411 0.70902683 0.46397917 32.10579827 0.23446284 0.47393620 0.44205169 0.24895275 0.20894703 0.44082992 0.34967460 0.71994825 0.78678575 0.53211979 0.16108990 0.15465311 0.50689346 0.32013473 0.48468428 0.45710641 0.53947070 0.68569860 0.64467397 0.75229156 0.49108147 0.32103649 0.53169537 0.29826412 0.59248008 0.34998275 0.52176724 0.83062071 0.16680432 0.45165934 0.46201333 0.23446284 32.73634007 0.49136677 0.74238174 0.59680871 0.68675340 0.50399778 0.28667222 0.51388874 0.29954232 0.30118461 0.45703676 0.34385683 0.77073054 0.39503187 0.41456660 0.51206901 0.49532759 0.60488598 0.23824260 0.30715057 0.75272612 0.60887137 0.58326752 0.65878316 0.29376085 0.47526871 0.46998766 0.52345363 0.56422598 0.88001594 0.31690985 0.47393620 0.49136677 32.15475235 0.21385288 0.29973262 0.73868370 0.68278296 0.42185871 0.42231336 0.59393807 0.09739846 0.05976302 0.26654593 0.81779411 0.45513520 0.52823015 0.25832782 0.09471404 0.23420072 0.44743912 0.65519087 0.89289558 0.47725669 0.50802576 0.66830008 0.88936369 0.90179665 0.01656160 0.84159958 0.38311159 0.65621101 0.56749201 0.44205169 0.74238174 0.21385288 32.49809429 0.51196812 0.65625144 0.77604780 0.59018117 0.65784824 0.49793299 0.38935009 0.25329610 0.34997728 0.79833772 0.45524481 0.76097043 0.94643661 0.43798537 0.39958928 0.74280411 0.70765544 0.14924532 0.22626240 0.66666772 0.42830459 0.64762463 0.26713026 0.55674557 0.44530569 0.15649816 0.69972636 0.40627458 0.24895275 0.59680871 0.29973262 0.51196812 32.20549417 0.10495971 0.59428190 0.02796781 0.67122570 0.43252629 0.66151228 0.67536811 0.59160604 0.49684369 0.35028495 0.23950296 0.64545797 0.73472082 0.49979100 0.52139470 0.26546088 0.64801520 0.39627292 0.48887118 0.57155509 0.57680273 0.16414966 0.49378796 0.36819869 0.30327279 0.54615790 0.51621763 0.20894703 0.68675340 0.73868370 0.65625144 0.10495971 32.86044056 0.61112723 0.94079483 0.82015793 0.76279566 0.40247387 0.45026249 0.40048891 0.18720482 0.02571266 0.96807249 0.52357677 0.61759742 0.32092544 0.38950412 0.60023001 0.08149554 0.59510714 0.41406204 0.84181639 0.62376509 0.39436993 0.36170739 0.09981006 0.59497540 0.18329586 0.78021544 0.44082992 0.50399778 0.68278296 0.77604780 0.59428190 0.61112723 32.41452254 0.33074907 0.52596703 0.52651548 0.35187749 0.35466312 0.67123506 0.41030132 0.72278064 0.28001024 0.49439092 0.28170120 0.81562900 0.42718683 0.72379867 0.87442763 0.11283501 0.74728227 0.79267647 0.66222348 0.27994312 0.39382231 0.36259816 0.29577365 0.19423797 0.83261360 0.34967460 0.28667222 0.42185871 0.59018117 0.02796781 0.94079483 0.33074907 32.09337052 0.49994944 0.59550760 0.53304603 0.55210383 0.36713841 0.52833710 0.35787256 0.47534752 0.21482879 0.45802862 0.77214898 0.48501284 0.31960009 0.10973207 0.83069680 0.70451126 0.45315310 0.49582026 0.68618133 0.35350713 0.30334597 0.81084251 0.36604733 0.19933268 0.71994825 0.51388874 0.42231336 0.65784824 0.67122570 0.82015793 0.52596703 0.49994944 32.55666983 0.68355966 0.24703783 0.70597095 0.47912791 0.67425699 0.83693381 0.35490194 0.37258381 0.76694476 0.58950851 0.55031066 0.56469194 0.66127523 0.07280514 0.35984748 0.34085602 0.54165054 0.75246415 0.57222075 0.14678385 0.62038832 0.29191974 0.38975123 0.78678575 0.29954232 0.59393807 0.49793299 0.43252629 0.76279566 0.52651548 0.59550760 0.68355966 32.86693029 0.39049336 0.24646824 0.26178430 0.71435841 0.38072700 0.58830469 0.47157389 0.57580352 0.04823440 0.64104322 0.41257304 0.37721422 0.74090958 0.26834942 0.75724659 0.57885318 0.27383388 0.88178496 0.13968625 0.61884448 0.19504711 0.47351542 0.53211979 0.30118461 0.09739846 0.38935009 0.66151228 0.40247387 0.35187749 0.53304603 0.24703783 0.39049336 32.75809928 0.28347282 0.51842162 0.10783773 0.92742855 0.16482398 0.39811527 0.73723747 0.66540856 0.83766129 0.37832166 0.53984917 0.21812730 0.40600978 0.68153303 0.55800957 0.50399402 0.10790412 0.36934856 0.70521561 0.51877880 0.48363067 0.16108990 0.45703676 0.05976302 0.25329610 0.67536811 0.45026249 0.35466312 0.55210383 0.70597095 0.24646824 0.28347282 32.09859409 0.15158061 0.42490586 0.49545340 0.17130738 0.29574938 0.60293279 0.58668692 0.76092317 0.72986638 0.52975936 0.11591756 0.34380189 0.37290554 0.51830770 0.61104122 0.70665589 0.20382916 0.56194875 0.61494324 0.91042578 0.15465311 0.34385683 0.26654593 0.34997728 0.59160604 0.40048891 0.67123506 0.36713841 0.47912791 0.26178430 0.51842162 0.15158061 32.75811243 0.66718585 0.46408547 0.55332398 0.27138880 0.64873035 0.80168880 0.34951204 0.37460604 0.39440968 0.39748302 0.39255247 0.28319139 0.48281881 0.70003795 0.53454966 0.51393973 0.18278990 0.10808964 0.27331313 0.50689346 0.77073054 0.81779411 0.79833772 0.49684369 0.18720482 0.41030132 0.52833710 0.67425699 0.71435841 0.10783773 0.42490586 0.66718585 32.21216321 0.26927717 0.50383738 0.31332425 0.25013459 0.35432354 0.64262206 0.50445166 0.78987552 0.44477827 0.87078525 0.59736734 0.47751042 0.49373911 0.59273803 0.60977156 0.39815466 0.63173600 0.46964718 0.32013473 0.39503187 0.45513520 0.45524481 0.35028495 0.02571266 0.72278064 0.35787256 0.83693381 0.38072700 0.92742855 0.49545340 0.46408547 0.26927717 32.25761374 0.73886083 0.22819115 0.36328447 0.57275782 0.36290940 0.70497787 0.49760132 0.60686523 0.58552895 0.44409583 0.51704880 0.76844414 0.48999861 0.77410660 0.39735059 0.43925549 0.76657179 0.48468428 0.41456660 0.52823015 0.76097043 0.23950296 0.96807249 0.28001024 0.47534752 0.35490194 0.58830469 0.16482398 0.17130738 0.55332398 0.50383738 0.73886083 32.37036269 0.82300484 0.48919749 0.63768275 0.33906899 0.96505895 0.35738280 0.73474340 0.44614131 0.39014536 0.18544237 0.52009815 0.30443494 0.37246948 0.69749082 0.63243099 0.60067808 0.45710641 0.51206901 0.25832782 0.94643661 0.64545797 0.52357677 0.49439092 0.21482879 0.37258381 0.47157389 0.39811527 0.29574938 0.27138880 0.31332425 0.22819115 0.82300484 32.98610424 0.16274960 0.63258862 0.25939920 0.56492320 0.97633760 0.37658486 0.53645111 0.34255453 0.79001874 0.80780391 0.50807981 0.76194510 0.79707270 0.44749961 0.50390501 0.53947070 0.49532759 0.09471404 0.43798537 0.73472082 0.61759742 0.28170120 0.45802862 0.76694476 0.57580352 0.73723747 0.60293279 0.64873035 0.25013459 0.36328447 0.48919749 0.16274960 32.68017837 0.37606195 0.70457693 0.72022070 0.39640893 0.73858294 0.28667420 0.75864814 0.66919941 0.10846553 0.42009087 0.51487997 0.21126354 0.86837942 0.30561389 0.68569860 0.60488598 0.23420072 0.39958928 0.49979100 0.32092544 0.81562900 0.77214898 0.58950851 0.04823440 0.66540856 0.58668692 0.80168880 0.35432354 0.57275782 0.63768275 0.63258862 0.37606195 32.26905473 0.74231687 0.60828221 0.79833737 0.14561836 0.36848223 0.82029671 0.57847409 0.49747252 0.34869819 0.12551680 0.17694272 0.33921289 0.25565970 0.64467397 0.23824260 0.44743912 0.74280411 0.52139470 0.38950412 0.42718683 0.48501284 0.55031066 0.64104322 0.83766129 0.76092317 0.34951204 0.64262206 0.36290940 0.33906899 0.25939920 0.70457693 0.74231687 32.48565167 0.92431111 0.16337672 0.34683315 0.61408762 0.70102105 0.60573848 0.35129222 0.28473778 0.62781353 0.17440704 0.50904177 0.38284599 0.75229156 0.30715057 0.65519087 0.70765544 0.26546088 0.60023001 0.72379867 0.31960009 0.56469194 0.41257304 0.37832166 0.72986638 0.37460604 0.50445166 0.70497787 0.96505895 0.56492320 0.72022070 0.60828221 0.92431111 32.03192263 0.51199464 0.35442270 0.61045564 0.49356614 0.70296687 0.39423562 0.48761389 0.59565112 0.35769370 0.21994914 0.69558503 0.49108147 0.75272612 0.89289558 0.14924532 0.64801520 0.08149554 0.87442763 0.10973207 0.66127523 0.37721422 0.53984917 0.52975936 0.39440968 0.78987552 0.49760132 0.35738280 0.97633760 0.39640893 0.79833737 0.16337672 0.51199464 32.58643961 0.43529459 0.67096284 0.51866294 0.82275994 0.17173870 0.33342995 0.81462369 0.74787084 0.40372360 0.52452151 0.32103649 0.60887137 0.47725669 0.22626240 0.39627292 0.59510714 0.11283501 0.83069680 0.07280514 0.74090958 0.21812730 0.11591756 0.39748302 0.44477827 0.60686523 0.73474340 0.37658486 0.73858294 0.14561836 0.34683315 0.35442270 0.43529459 32.72016580 0.50418683 0.92479253 0.59603133 0.18620556 0.58727535 0.60399564 0.31520463 0.61351324 0.73211973 0.53169537 0.58326752 0.50802576 0.66666772 0.48887118 0.41406204 0.74728227 0.70451126 0.35984748 0.26834942 0.40600978 0.34380189 0.39255247 0.87078525 0.58552895 0.44614131 0.53645111 0.28667420 0.36848223 0.61408762 0.61045564 0.67096284 0.50418683 32.80082029 0.94204303 0.58613187 0.44784886 0.61708610 0.68456966 0.75445324 0.56167571 0.33258722 0.29826412 0.65878316 0.66830008 0.42830459 0.57155509 0.84181639 0.79267647 0.45315310 0.34085602 0.75724659 0.68153303 0.37290554 0.28319139 0.59736734 0.44409583 0.39014536 0.34255453 0.75864814 0.82029671 0.70102105 0.49356614 0.51866294 0.92479253 0.94204303 32.86414753 0.35746297 0.49732346 0.43188904 0.75139102 0.77908484 0.66972026 0.55150052 0.59248008 0.29376085 0.88936369 0.64762463 0.57680273 0.62376509 0.66222348 0.49582026 0.54165054 0.57885318 0.55800957 0.51830770 0.48281881 0.47751042 0.51704880 0.18544237 0.79001874 0.66919941 0.57847409 0.60573848 0.70296687 0.82275994 0.59603133 0.58613187 0.35746297 32.45642460 0.40458414 0.57484298 0.84475250 0.01266404 0.65960962 0.54291015 0.34998275 0.47526871 0.90179665 0.26713026 0.16414966 0.39436993 0.27994312 0.68618133 0.75246415 0.27383388 0.50399402 0.61104122 0.70003795 0.49373911 0.76844414 0.52009815 0.80780391 0.10846553 0.49747252 0.35129222 0.39423562 0.17173870 0.18620556 0.44784886 0.49732346 0.40458414 32.14651486 